(kicad_pcb (version 20171130) (host pcbnew 5.1.6-c6e7f7d~86~ubuntu18.04.1)

  (general
    (thickness 1.6)
    (drawings 21)
    (tracks 180)
    (zones 0)
    (modules 25)
    (nets 19)
  )

  (page A4)
  (layers
    (0 F.Cu signal)
    (31 B.Cu signal)
    (32 B.Adhes user)
    (33 F.Adhes user)
    (34 B.Paste user)
    (35 F.Paste user)
    (36 B.SilkS user)
    (37 F.SilkS user)
    (38 B.Mask user)
    (39 F.Mask user)
    (40 Dwgs.User user)
    (41 Cmts.User user hide)
    (42 Eco1.User user)
    (43 Eco2.User user)
    (44 Edge.Cuts user)
    (45 Margin user)
    (46 B.CrtYd user)
    (47 F.CrtYd user)
    (48 B.Fab user hide)
    (49 F.Fab user hide)
  )

  (setup
    (last_trace_width 0.25)
    (user_trace_width 0.5)
    (trace_clearance 0.2)
    (zone_clearance 0.508)
    (zone_45_only no)
    (trace_min 0.2)
    (via_size 0.8)
    (via_drill 0.4)
    (via_min_size 0.4)
    (via_min_drill 0.3)
    (uvia_size 0.3)
    (uvia_drill 0.1)
    (uvias_allowed no)
    (uvia_min_size 0.2)
    (uvia_min_drill 0.1)
    (edge_width 0.1)
    (segment_width 0.2)
    (pcb_text_width 0.3)
    (pcb_text_size 1.5 1.5)
    (mod_edge_width 0.15)
    (mod_text_size 1 1)
    (mod_text_width 0.15)
    (pad_size 3.2 3.2)
    (pad_drill 3.2)
    (pad_to_mask_clearance 0)
    (aux_axis_origin 0 0)
    (visible_elements FFFFFF7F)
    (pcbplotparams
      (layerselection 0x010fc_ffffffff)
      (usegerberextensions false)
      (usegerberattributes true)
      (usegerberadvancedattributes true)
      (creategerberjobfile true)
      (excludeedgelayer true)
      (linewidth 0.100000)
      (plotframeref false)
      (viasonmask false)
      (mode 1)
      (useauxorigin false)
      (hpglpennumber 1)
      (hpglpenspeed 20)
      (hpglpendiameter 15.000000)
      (psnegative false)
      (psa4output false)
      (plotreference true)
      (plotvalue true)
      (plotinvisibletext false)
      (padsonsilk false)
      (subtractmaskfromsilk false)
      (outputformat 1)
      (mirror false)
      (drillshape 0)
      (scaleselection 1)
      (outputdirectory "gerber/"))
  )

  (net 0 "")
  (net 1 "Net-(C1-Pad1)")
  (net 2 GND)
  (net 3 +6V)
  (net 4 Vcc)
  (net 5 Move_complete)
  (net 6 Move_step)
  (net 7 Photo_Powr)
  (net 8 Photo_Sens)
  (net 9 End_down)
  (net 10 End_up)
  (net 11 Motor_1)
  (net 12 Motor_0)
  (net 13 Motor_EN)
  (net 14 "Net-(J6-Pad2)")
  (net 15 5V_up)
  (net 16 5V_down)
  (net 17 5V_Motor_out)
  (net 18 "Net-(J4-Pad1)")

  (net_class Default "This is the default net class."
    (clearance 0.2)
    (trace_width 0.25)
    (via_dia 0.8)
    (via_drill 0.4)
    (uvia_dia 0.3)
    (uvia_drill 0.1)
    (add_net +6V)
    (add_net 5V_Motor_out)
    (add_net 5V_down)
    (add_net 5V_up)
    (add_net End_down)
    (add_net End_up)
    (add_net GND)
    (add_net Motor_0)
    (add_net Motor_1)
    (add_net Motor_EN)
    (add_net Move_complete)
    (add_net Move_step)
    (add_net "Net-(C1-Pad1)")
    (add_net "Net-(J4-Pad1)")
    (add_net "Net-(J6-Pad2)")
    (add_net Photo_Powr)
    (add_net Photo_Sens)
    (add_net Vcc)
  )

  (module MountingHole:MountingHole_3.2mm_M3 (layer F.Cu) (tedit 56D1B4CB) (tstamp 5F063049)
    (at 124.52 80.49)
    (descr "Mounting Hole 3.2mm, no annular, M3")
    (tags "mounting hole 3.2mm no annular m3")
    (attr virtual)
    (fp_text reference REF** (at 0 -4.2) (layer F.SilkS) hide
      (effects (font (size 1 1) (thickness 0.15)))
    )
    (fp_text value MountingHole_3.2mm_M3 (at 0 4.2) (layer F.Fab)
      (effects (font (size 1 1) (thickness 0.15)))
    )
    (fp_circle (center 0 0) (end 3.2 0) (layer Cmts.User) (width 0.15))
    (fp_circle (center 0 0) (end 3.45 0) (layer F.CrtYd) (width 0.05))
    (fp_text user %R (at 0.3 0) (layer F.Fab)
      (effects (font (size 1 1) (thickness 0.15)))
    )
    (pad 1 np_thru_hole circle (at 0 0) (size 3.2 3.2) (drill 3.2) (layers *.Cu *.Mask))
  )

  (module MountingHole:MountingHole_3.2mm_M3 (layer F.Cu) (tedit 56D1B4CB) (tstamp 5F063049)
    (at 146.59 103.59)
    (descr "Mounting Hole 3.2mm, no annular, M3")
    (tags "mounting hole 3.2mm no annular m3")
    (attr virtual)
    (fp_text reference REF** (at 0 -4.2) (layer F.SilkS) hide
      (effects (font (size 1 1) (thickness 0.15)))
    )
    (fp_text value MountingHole_3.2mm_M3 (at 0 4.2) (layer F.Fab)
      (effects (font (size 1 1) (thickness 0.15)))
    )
    (fp_circle (center 0 0) (end 3.2 0) (layer Cmts.User) (width 0.15))
    (fp_circle (center 0 0) (end 3.45 0) (layer F.CrtYd) (width 0.05))
    (fp_text user %R (at 0.3 0) (layer F.Fab)
      (effects (font (size 1 1) (thickness 0.15)))
    )
    (pad 1 np_thru_hole circle (at 0 0) (size 3.2 3.2) (drill 3.2) (layers *.Cu *.Mask))
  )

  (module MountingHole:MountingHole_3.2mm_M3 (layer F.Cu) (tedit 56D1B4CB) (tstamp 5F063049)
    (at 102.44 103.58)
    (descr "Mounting Hole 3.2mm, no annular, M3")
    (tags "mounting hole 3.2mm no annular m3")
    (attr virtual)
    (fp_text reference REF** (at 0 -4.2) (layer F.SilkS) hide
      (effects (font (size 1 1) (thickness 0.15)))
    )
    (fp_text value MountingHole_3.2mm_M3 (at 0 4.2) (layer F.Fab)
      (effects (font (size 1 1) (thickness 0.15)))
    )
    (fp_circle (center 0 0) (end 3.2 0) (layer Cmts.User) (width 0.15))
    (fp_circle (center 0 0) (end 3.45 0) (layer F.CrtYd) (width 0.05))
    (fp_text user %R (at 0.3 0) (layer F.Fab)
      (effects (font (size 1 1) (thickness 0.15)))
    )
    (pad 1 np_thru_hole circle (at 0 0) (size 3.2 3.2) (drill 3.2) (layers *.Cu *.Mask))
  )

  (module MountingHole:MountingHole_3.2mm_M3 (layer F.Cu) (tedit 56D1B4CB) (tstamp 5F063033)
    (at 102.45 57.41)
    (descr "Mounting Hole 3.2mm, no annular, M3")
    (tags "mounting hole 3.2mm no annular m3")
    (attr virtual)
    (fp_text reference REF** (at 0 -4.2) (layer F.SilkS) hide
      (effects (font (size 1 1) (thickness 0.15)))
    )
    (fp_text value MountingHole_3.2mm_M3 (at 0 4.2) (layer F.Fab)
      (effects (font (size 1 1) (thickness 0.15)))
    )
    (fp_circle (center 0 0) (end 3.2 0) (layer Cmts.User) (width 0.15))
    (fp_circle (center 0 0) (end 3.45 0) (layer F.CrtYd) (width 0.05))
    (fp_text user %R (at 0.3 0) (layer F.Fab)
      (effects (font (size 1 1) (thickness 0.15)))
    )
    (pad 1 np_thru_hole circle (at 0 0) (size 3.2 3.2) (drill 3.2) (layers *.Cu *.Mask))
  )

  (module MountingHole:MountingHole_3.2mm_M3 (layer F.Cu) (tedit 56D1B4CB) (tstamp 5F062FF5)
    (at 146.59 57.41)
    (descr "Mounting Hole 3.2mm, no annular, M3")
    (tags "mounting hole 3.2mm no annular m3")
    (attr virtual)
    (fp_text reference REF** (at 0 -4.2) (layer F.SilkS) hide
      (effects (font (size 1 1) (thickness 0.15)))
    )
    (fp_text value MountingHole_3.2mm_M3 (at 0 4.2) (layer F.Fab)
      (effects (font (size 1 1) (thickness 0.15)))
    )
    (fp_circle (center 0 0) (end 3.2 0) (layer Cmts.User) (width 0.15))
    (fp_circle (center 0 0) (end 3.45 0) (layer F.CrtYd) (width 0.05))
    (fp_text user %R (at 0.3 0) (layer F.Fab)
      (effects (font (size 1 1) (thickness 0.15)))
    )
    (pad 1 np_thru_hole circle (at 0 0) (size 3.2 3.2) (drill 3.2) (layers *.Cu *.Mask))
  )

  (module Capacitor_SMD:C_0805_2012Metric (layer B.Cu) (tedit 5B36C52B) (tstamp 5F050F7B)
    (at 118.8775 60.57)
    (descr "Capacitor SMD 0805 (2012 Metric), square (rectangular) end terminal, IPC_7351 nominal, (Body size source: https://docs.google.com/spreadsheets/d/1BsfQQcO9C6DZCsRaXUlFlo91Tg2WpOkGARC1WS5S8t0/edit?usp=sharing), generated with kicad-footprint-generator")
    (tags capacitor)
    (path /5F071EEF)
    (attr smd)
    (fp_text reference C1 (at 0 1.65) (layer B.SilkS)
      (effects (font (size 1 1) (thickness 0.15)) (justify mirror))
    )
    (fp_text value 0.1uF (at 0 -1.65) (layer B.Fab)
      (effects (font (size 1 1) (thickness 0.15)) (justify mirror))
    )
    (fp_line (start 1.68 -0.95) (end -1.68 -0.95) (layer B.CrtYd) (width 0.05))
    (fp_line (start 1.68 0.95) (end 1.68 -0.95) (layer B.CrtYd) (width 0.05))
    (fp_line (start -1.68 0.95) (end 1.68 0.95) (layer B.CrtYd) (width 0.05))
    (fp_line (start -1.68 -0.95) (end -1.68 0.95) (layer B.CrtYd) (width 0.05))
    (fp_line (start -0.258578 -0.71) (end 0.258578 -0.71) (layer B.SilkS) (width 0.12))
    (fp_line (start -0.258578 0.71) (end 0.258578 0.71) (layer B.SilkS) (width 0.12))
    (fp_line (start 1 -0.6) (end -1 -0.6) (layer B.Fab) (width 0.1))
    (fp_line (start 1 0.6) (end 1 -0.6) (layer B.Fab) (width 0.1))
    (fp_line (start -1 0.6) (end 1 0.6) (layer B.Fab) (width 0.1))
    (fp_line (start -1 -0.6) (end -1 0.6) (layer B.Fab) (width 0.1))
    (fp_text user %R (at 0 0) (layer B.Fab)
      (effects (font (size 0.5 0.5) (thickness 0.08)) (justify mirror))
    )
    (pad 1 smd roundrect (at -0.9375 0) (size 0.975 1.4) (layers B.Cu B.Paste B.Mask) (roundrect_rratio 0.25)
      (net 1 "Net-(C1-Pad1)"))
    (pad 2 smd roundrect (at 0.9375 0) (size 0.975 1.4) (layers B.Cu B.Paste B.Mask) (roundrect_rratio 0.25)
      (net 2 GND))
    (model ${KISYS3DMOD}/Capacitor_SMD.3dshapes/C_0805_2012Metric.wrl
      (at (xyz 0 0 0))
      (scale (xyz 1 1 1))
      (rotate (xyz 0 0 0))
    )
  )

  (module Capacitor_SMD:C_0805_2012Metric (layer B.Cu) (tedit 5B36C52B) (tstamp 5F050F8C)
    (at 132.2625 62.25 180)
    (descr "Capacitor SMD 0805 (2012 Metric), square (rectangular) end terminal, IPC_7351 nominal, (Body size source: https://docs.google.com/spreadsheets/d/1BsfQQcO9C6DZCsRaXUlFlo91Tg2WpOkGARC1WS5S8t0/edit?usp=sharing), generated with kicad-footprint-generator")
    (tags capacitor)
    (path /5F06A5AA)
    (attr smd)
    (fp_text reference C2 (at 0 1.65) (layer B.SilkS)
      (effects (font (size 1 1) (thickness 0.15)) (justify mirror))
    )
    (fp_text value 0.1uF (at 0 -1.65) (layer B.Fab)
      (effects (font (size 1 1) (thickness 0.15)) (justify mirror))
    )
    (fp_line (start -1 -0.6) (end -1 0.6) (layer B.Fab) (width 0.1))
    (fp_line (start -1 0.6) (end 1 0.6) (layer B.Fab) (width 0.1))
    (fp_line (start 1 0.6) (end 1 -0.6) (layer B.Fab) (width 0.1))
    (fp_line (start 1 -0.6) (end -1 -0.6) (layer B.Fab) (width 0.1))
    (fp_line (start -0.258578 0.71) (end 0.258578 0.71) (layer B.SilkS) (width 0.12))
    (fp_line (start -0.258578 -0.71) (end 0.258578 -0.71) (layer B.SilkS) (width 0.12))
    (fp_line (start -1.68 -0.95) (end -1.68 0.95) (layer B.CrtYd) (width 0.05))
    (fp_line (start -1.68 0.95) (end 1.68 0.95) (layer B.CrtYd) (width 0.05))
    (fp_line (start 1.68 0.95) (end 1.68 -0.95) (layer B.CrtYd) (width 0.05))
    (fp_line (start 1.68 -0.95) (end -1.68 -0.95) (layer B.CrtYd) (width 0.05))
    (fp_text user %R (at 0 0) (layer B.Fab)
      (effects (font (size 0.5 0.5) (thickness 0.08)) (justify mirror))
    )
    (pad 2 smd roundrect (at 0.9375 0 180) (size 0.975 1.4) (layers B.Cu B.Paste B.Mask) (roundrect_rratio 0.25)
      (net 2 GND))
    (pad 1 smd roundrect (at -0.9375 0 180) (size 0.975 1.4) (layers B.Cu B.Paste B.Mask) (roundrect_rratio 0.25)
      (net 3 +6V))
    (model ${KISYS3DMOD}/Capacitor_SMD.3dshapes/C_0805_2012Metric.wrl
      (at (xyz 0 0 0))
      (scale (xyz 1 1 1))
      (rotate (xyz 0 0 0))
    )
  )

  (module OwnConn:screwterminal (layer F.Cu) (tedit 5CB834C6) (tstamp 5F050F99)
    (at 108.4 72.5 270)
    (path /5F080A83)
    (fp_text reference J1 (at -0.09 0.04) (layer F.SilkS)
      (effects (font (size 1 1) (thickness 0.15)))
    )
    (fp_text value Screw_Terminal_01x02 (at 0 -6.35 90) (layer F.Fab)
      (effects (font (size 1 1) (thickness 0.15)))
    )
    (fp_line (start -5.08 -3.81) (end -5.08 -5.08) (layer F.SilkS) (width 0.15))
    (fp_line (start 5.08 -3.81) (end 5.08 -5.08) (layer F.SilkS) (width 0.15))
    (fp_line (start -5.08 5.08) (end -5.08 3.81) (layer F.SilkS) (width 0.15))
    (fp_line (start -5.08 5.08) (end 5.08 5.08) (layer F.SilkS) (width 0.15))
    (fp_line (start 5.08 -3.81) (end 5.08 5.08) (layer F.SilkS) (width 0.15))
    (fp_line (start -5.08 3.81) (end -5.08 -3.81) (layer F.SilkS) (width 0.15))
    (fp_line (start -5.08 -5.08) (end 5.08 -5.08) (layer F.SilkS) (width 0.15))
    (pad 2 thru_hole circle (at 2.5 0 270) (size 1.8 1.8) (drill 1.2) (layers *.Cu *.Mask)
      (net 4 Vcc))
    (pad 1 thru_hole circle (at -2.5 0 270) (size 1.8 1.8) (drill 1.2) (layers *.Cu *.Mask)
      (net 5 Move_complete))
    (model ${KISYS3DMOD}/OwnConn.3dshapes/screwterminal.wrl
      (offset (xyz -5.2 5 -5.8))
      (scale (xyz 1.5 1.5 1.5))
      (rotate (xyz 0 0 0))
    )
  )

  (module OwnConn:screwterminal (layer F.Cu) (tedit 5CB834C6) (tstamp 5F050FA6)
    (at 108.4 83.7 270)
    (path /5F086F18)
    (fp_text reference J2 (at -0.05 0.11 180) (layer F.SilkS)
      (effects (font (size 1 1) (thickness 0.15)))
    )
    (fp_text value Screw_Terminal_01x02 (at 0 -6.35 90) (layer F.Fab)
      (effects (font (size 1 1) (thickness 0.15)))
    )
    (fp_line (start -5.08 -5.08) (end 5.08 -5.08) (layer F.SilkS) (width 0.15))
    (fp_line (start -5.08 3.81) (end -5.08 -3.81) (layer F.SilkS) (width 0.15))
    (fp_line (start 5.08 -3.81) (end 5.08 5.08) (layer F.SilkS) (width 0.15))
    (fp_line (start -5.08 5.08) (end 5.08 5.08) (layer F.SilkS) (width 0.15))
    (fp_line (start -5.08 5.08) (end -5.08 3.81) (layer F.SilkS) (width 0.15))
    (fp_line (start 5.08 -3.81) (end 5.08 -5.08) (layer F.SilkS) (width 0.15))
    (fp_line (start -5.08 -3.81) (end -5.08 -5.08) (layer F.SilkS) (width 0.15))
    (pad 1 thru_hole circle (at -2.5 0 270) (size 1.8 1.8) (drill 1.2) (layers *.Cu *.Mask)
      (net 6 Move_step))
    (pad 2 thru_hole circle (at 2.5 0 270) (size 1.8 1.8) (drill 1.2) (layers *.Cu *.Mask)
      (net 4 Vcc))
    (model ${KISYS3DMOD}/OwnConn.3dshapes/screwterminal.wrl
      (offset (xyz -5.2 5 -5.8))
      (scale (xyz 1.5 1.5 1.5))
      (rotate (xyz 0 0 0))
    )
  )

  (module OwnConn:screwterminal (layer F.Cu) (tedit 5CB834C6) (tstamp 5F050FB3)
    (at 108.4 94.9 270)
    (path /5F08F71E)
    (fp_text reference J3 (at -0.18 -0.01 180) (layer F.SilkS)
      (effects (font (size 1 1) (thickness 0.15)))
    )
    (fp_text value Screw_Terminal_01x02 (at 0 -6.35 90) (layer F.Fab)
      (effects (font (size 1 1) (thickness 0.15)))
    )
    (fp_line (start -5.08 -3.81) (end -5.08 -5.08) (layer F.SilkS) (width 0.15))
    (fp_line (start 5.08 -3.81) (end 5.08 -5.08) (layer F.SilkS) (width 0.15))
    (fp_line (start -5.08 5.08) (end -5.08 3.81) (layer F.SilkS) (width 0.15))
    (fp_line (start -5.08 5.08) (end 5.08 5.08) (layer F.SilkS) (width 0.15))
    (fp_line (start 5.08 -3.81) (end 5.08 5.08) (layer F.SilkS) (width 0.15))
    (fp_line (start -5.08 3.81) (end -5.08 -3.81) (layer F.SilkS) (width 0.15))
    (fp_line (start -5.08 -5.08) (end 5.08 -5.08) (layer F.SilkS) (width 0.15))
    (pad 2 thru_hole circle (at 2.5 0 270) (size 1.8 1.8) (drill 1.2) (layers *.Cu *.Mask)
      (net 7 Photo_Powr))
    (pad 1 thru_hole circle (at -2.5 0 270) (size 1.8 1.8) (drill 1.2) (layers *.Cu *.Mask)
      (net 8 Photo_Sens))
    (model ${KISYS3DMOD}/OwnConn.3dshapes/screwterminal.wrl
      (offset (xyz -5.2 5 -5.8))
      (scale (xyz 1.5 1.5 1.5))
      (rotate (xyz 0 0 0))
    )
  )

  (module OwnConn:screwterminal (layer F.Cu) (tedit 5CB834C6) (tstamp 5F050FC0)
    (at 140.7 83.7 90)
    (path /5F095001)
    (fp_text reference J4 (at 0 0.01 180) (layer F.SilkS)
      (effects (font (size 1 1) (thickness 0.15)))
    )
    (fp_text value Screw_Terminal_01x02 (at 0 -6.35 90) (layer F.Fab)
      (effects (font (size 1 1) (thickness 0.15)))
    )
    (fp_line (start -5.08 -5.08) (end 5.08 -5.08) (layer F.SilkS) (width 0.15))
    (fp_line (start -5.08 3.81) (end -5.08 -3.81) (layer F.SilkS) (width 0.15))
    (fp_line (start 5.08 -3.81) (end 5.08 5.08) (layer F.SilkS) (width 0.15))
    (fp_line (start -5.08 5.08) (end 5.08 5.08) (layer F.SilkS) (width 0.15))
    (fp_line (start -5.08 5.08) (end -5.08 3.81) (layer F.SilkS) (width 0.15))
    (fp_line (start 5.08 -3.81) (end 5.08 -5.08) (layer F.SilkS) (width 0.15))
    (fp_line (start -5.08 -3.81) (end -5.08 -5.08) (layer F.SilkS) (width 0.15))
    (pad 1 thru_hole circle (at -2.5 0 90) (size 1.8 1.8) (drill 1.2) (layers *.Cu *.Mask)
      (net 18 "Net-(J4-Pad1)"))
    (pad 2 thru_hole circle (at 2.5 0 90) (size 1.8 1.8) (drill 1.2) (layers *.Cu *.Mask)
      (net 9 End_down))
    (model ${KISYS3DMOD}/OwnConn.3dshapes/screwterminal.wrl
      (offset (xyz -5.2 5 -5.8))
      (scale (xyz 1.5 1.5 1.5))
      (rotate (xyz 0 0 0))
    )
  )

  (module OwnConn:screwterminal (layer F.Cu) (tedit 5CB834C6) (tstamp 5F050FED)
    (at 140.7 94.9 90)
    (path /5F09697B)
    (fp_text reference J6 (at -0.07 -0.09 180) (layer F.SilkS)
      (effects (font (size 1 1) (thickness 0.15)))
    )
    (fp_text value Screw_Terminal_01x02 (at 0 -6.35 90) (layer F.Fab)
      (effects (font (size 1 1) (thickness 0.15)))
    )
    (fp_line (start -5.08 -3.81) (end -5.08 -5.08) (layer F.SilkS) (width 0.15))
    (fp_line (start 5.08 -3.81) (end 5.08 -5.08) (layer F.SilkS) (width 0.15))
    (fp_line (start -5.08 5.08) (end -5.08 3.81) (layer F.SilkS) (width 0.15))
    (fp_line (start -5.08 5.08) (end 5.08 5.08) (layer F.SilkS) (width 0.15))
    (fp_line (start 5.08 -3.81) (end 5.08 5.08) (layer F.SilkS) (width 0.15))
    (fp_line (start -5.08 3.81) (end -5.08 -3.81) (layer F.SilkS) (width 0.15))
    (fp_line (start -5.08 -5.08) (end 5.08 -5.08) (layer F.SilkS) (width 0.15))
    (pad 2 thru_hole circle (at 2.5 0 90) (size 1.8 1.8) (drill 1.2) (layers *.Cu *.Mask)
      (net 14 "Net-(J6-Pad2)"))
    (pad 1 thru_hole circle (at -2.5 0 90) (size 1.8 1.8) (drill 1.2) (layers *.Cu *.Mask)
      (net 10 End_up))
    (model ${KISYS3DMOD}/OwnConn.3dshapes/screwterminal.wrl
      (offset (xyz -5.2 5 -5.8))
      (scale (xyz 1.5 1.5 1.5))
      (rotate (xyz 0 0 0))
    )
  )

  (module OwnConn:screwterminal (layer F.Cu) (tedit 5CB834C6) (tstamp 5F05101A)
    (at 140.7 72.5 90)
    (path /5F07F387)
    (fp_text reference J8 (at -0.03 0) (layer F.SilkS)
      (effects (font (size 1 1) (thickness 0.15)))
    )
    (fp_text value Screw_Terminal_01x02 (at 0 -6.35 90) (layer F.Fab)
      (effects (font (size 1 1) (thickness 0.15)))
    )
    (fp_line (start -5.08 -5.08) (end 5.08 -5.08) (layer F.SilkS) (width 0.15))
    (fp_line (start -5.08 3.81) (end -5.08 -3.81) (layer F.SilkS) (width 0.15))
    (fp_line (start 5.08 -3.81) (end 5.08 5.08) (layer F.SilkS) (width 0.15))
    (fp_line (start -5.08 5.08) (end 5.08 5.08) (layer F.SilkS) (width 0.15))
    (fp_line (start -5.08 5.08) (end -5.08 3.81) (layer F.SilkS) (width 0.15))
    (fp_line (start 5.08 -3.81) (end 5.08 -5.08) (layer F.SilkS) (width 0.15))
    (fp_line (start -5.08 -3.81) (end -5.08 -5.08) (layer F.SilkS) (width 0.15))
    (pad 1 thru_hole circle (at -2.5 0 90) (size 1.8 1.8) (drill 1.2) (layers *.Cu *.Mask)
      (net 2 GND))
    (pad 2 thru_hole circle (at 2.5 0 90) (size 1.8 1.8) (drill 1.2) (layers *.Cu *.Mask)
      (net 3 +6V))
    (model ${KISYS3DMOD}/OwnConn.3dshapes/screwterminal.wrl
      (offset (xyz -5.2 5 -5.8))
      (scale (xyz 1.5 1.5 1.5))
      (rotate (xyz 0 0 0))
    )
  )

  (module SolderJumper:2pin (layer F.Cu) (tedit 5CD7097E) (tstamp 5F051020)
    (at 112.03 58.03 270)
    (path /5F07BE6E)
    (fp_text reference JP1 (at -0.04 1.87 180) (layer F.SilkS)
      (effects (font (size 1 1) (thickness 0.15)))
    )
    (fp_text value SolderJumper_2_Open (at 0 1.08 90) (layer F.Fab)
      (effects (font (size 1 1) (thickness 0.15)))
    )
    (pad 1 smd rect (at -0.6 0 270) (size 0.8 0.8) (layers F.Cu F.Paste F.Mask)
      (net 1 "Net-(C1-Pad1)"))
    (pad 2 smd rect (at 0.6 0 270) (size 0.8 0.8) (layers F.Cu F.Paste F.Mask)
      (net 17 5V_Motor_out))
  )

  (module Resistor_SMD:R_0805_2012Metric (layer F.Cu) (tedit 5B36C52B) (tstamp 5F051031)
    (at 122.0925 70)
    (descr "Resistor SMD 0805 (2012 Metric), square (rectangular) end terminal, IPC_7351 nominal, (Body size source: https://docs.google.com/spreadsheets/d/1BsfQQcO9C6DZCsRaXUlFlo91Tg2WpOkGARC1WS5S8t0/edit?usp=sharing), generated with kicad-footprint-generator")
    (tags resistor)
    (path /5F08467A)
    (attr smd)
    (fp_text reference R1 (at 2.7575 0) (layer F.SilkS)
      (effects (font (size 1 1) (thickness 0.15)))
    )
    (fp_text value 4k7 (at 0 1.65) (layer F.Fab)
      (effects (font (size 1 1) (thickness 0.15)))
    )
    (fp_line (start -1 0.6) (end -1 -0.6) (layer F.Fab) (width 0.1))
    (fp_line (start -1 -0.6) (end 1 -0.6) (layer F.Fab) (width 0.1))
    (fp_line (start 1 -0.6) (end 1 0.6) (layer F.Fab) (width 0.1))
    (fp_line (start 1 0.6) (end -1 0.6) (layer F.Fab) (width 0.1))
    (fp_line (start -0.258578 -0.71) (end 0.258578 -0.71) (layer F.SilkS) (width 0.12))
    (fp_line (start -0.258578 0.71) (end 0.258578 0.71) (layer F.SilkS) (width 0.12))
    (fp_line (start -1.68 0.95) (end -1.68 -0.95) (layer F.CrtYd) (width 0.05))
    (fp_line (start -1.68 -0.95) (end 1.68 -0.95) (layer F.CrtYd) (width 0.05))
    (fp_line (start 1.68 -0.95) (end 1.68 0.95) (layer F.CrtYd) (width 0.05))
    (fp_line (start 1.68 0.95) (end -1.68 0.95) (layer F.CrtYd) (width 0.05))
    (fp_text user %R (at 0 0) (layer F.Fab)
      (effects (font (size 0.5 0.5) (thickness 0.08)))
    )
    (pad 2 smd roundrect (at 0.9375 0) (size 0.975 1.4) (layers F.Cu F.Paste F.Mask) (roundrect_rratio 0.25)
      (net 2 GND))
    (pad 1 smd roundrect (at -0.9375 0) (size 0.975 1.4) (layers F.Cu F.Paste F.Mask) (roundrect_rratio 0.25)
      (net 5 Move_complete))
    (model ${KISYS3DMOD}/Resistor_SMD.3dshapes/R_0805_2012Metric.wrl
      (at (xyz 0 0 0))
      (scale (xyz 1 1 1))
      (rotate (xyz 0 0 0))
    )
  )

  (module Resistor_SMD:R_0805_2012Metric (layer F.Cu) (tedit 5B36C52B) (tstamp 5F051042)
    (at 122.1075 72.53)
    (descr "Resistor SMD 0805 (2012 Metric), square (rectangular) end terminal, IPC_7351 nominal, (Body size source: https://docs.google.com/spreadsheets/d/1BsfQQcO9C6DZCsRaXUlFlo91Tg2WpOkGARC1WS5S8t0/edit?usp=sharing), generated with kicad-footprint-generator")
    (tags resistor)
    (path /5F086F23)
    (attr smd)
    (fp_text reference R2 (at 2.7725 0.01) (layer F.SilkS)
      (effects (font (size 1 1) (thickness 0.15)))
    )
    (fp_text value 4k7 (at 0 1.65) (layer F.Fab)
      (effects (font (size 1 1) (thickness 0.15)))
    )
    (fp_line (start -1 0.6) (end -1 -0.6) (layer F.Fab) (width 0.1))
    (fp_line (start -1 -0.6) (end 1 -0.6) (layer F.Fab) (width 0.1))
    (fp_line (start 1 -0.6) (end 1 0.6) (layer F.Fab) (width 0.1))
    (fp_line (start 1 0.6) (end -1 0.6) (layer F.Fab) (width 0.1))
    (fp_line (start -0.258578 -0.71) (end 0.258578 -0.71) (layer F.SilkS) (width 0.12))
    (fp_line (start -0.258578 0.71) (end 0.258578 0.71) (layer F.SilkS) (width 0.12))
    (fp_line (start -1.68 0.95) (end -1.68 -0.95) (layer F.CrtYd) (width 0.05))
    (fp_line (start -1.68 -0.95) (end 1.68 -0.95) (layer F.CrtYd) (width 0.05))
    (fp_line (start 1.68 -0.95) (end 1.68 0.95) (layer F.CrtYd) (width 0.05))
    (fp_line (start 1.68 0.95) (end -1.68 0.95) (layer F.CrtYd) (width 0.05))
    (fp_text user %R (at 0 0) (layer F.Fab)
      (effects (font (size 0.5 0.5) (thickness 0.08)))
    )
    (pad 2 smd roundrect (at 0.9375 0) (size 0.975 1.4) (layers F.Cu F.Paste F.Mask) (roundrect_rratio 0.25)
      (net 2 GND))
    (pad 1 smd roundrect (at -0.9375 0) (size 0.975 1.4) (layers F.Cu F.Paste F.Mask) (roundrect_rratio 0.25)
      (net 6 Move_step))
    (model ${KISYS3DMOD}/Resistor_SMD.3dshapes/R_0805_2012Metric.wrl
      (at (xyz 0 0 0))
      (scale (xyz 1 1 1))
      (rotate (xyz 0 0 0))
    )
  )

  (module Resistor_SMD:R_0805_2012Metric (layer B.Cu) (tedit 5B36C52B) (tstamp 5F051053)
    (at 112.8025 91.99)
    (descr "Resistor SMD 0805 (2012 Metric), square (rectangular) end terminal, IPC_7351 nominal, (Body size source: https://docs.google.com/spreadsheets/d/1BsfQQcO9C6DZCsRaXUlFlo91Tg2WpOkGARC1WS5S8t0/edit?usp=sharing), generated with kicad-footprint-generator")
    (tags resistor)
    (path /5F08F729)
    (attr smd)
    (fp_text reference R3 (at 0 1.65) (layer B.SilkS)
      (effects (font (size 1 1) (thickness 0.15)) (justify mirror))
    )
    (fp_text value 4k7 (at 0 -1.65) (layer B.Fab)
      (effects (font (size 1 1) (thickness 0.15)) (justify mirror))
    )
    (fp_line (start 1.68 -0.95) (end -1.68 -0.95) (layer B.CrtYd) (width 0.05))
    (fp_line (start 1.68 0.95) (end 1.68 -0.95) (layer B.CrtYd) (width 0.05))
    (fp_line (start -1.68 0.95) (end 1.68 0.95) (layer B.CrtYd) (width 0.05))
    (fp_line (start -1.68 -0.95) (end -1.68 0.95) (layer B.CrtYd) (width 0.05))
    (fp_line (start -0.258578 -0.71) (end 0.258578 -0.71) (layer B.SilkS) (width 0.12))
    (fp_line (start -0.258578 0.71) (end 0.258578 0.71) (layer B.SilkS) (width 0.12))
    (fp_line (start 1 -0.6) (end -1 -0.6) (layer B.Fab) (width 0.1))
    (fp_line (start 1 0.6) (end 1 -0.6) (layer B.Fab) (width 0.1))
    (fp_line (start -1 0.6) (end 1 0.6) (layer B.Fab) (width 0.1))
    (fp_line (start -1 -0.6) (end -1 0.6) (layer B.Fab) (width 0.1))
    (fp_text user %R (at 0 0) (layer B.Fab)
      (effects (font (size 0.5 0.5) (thickness 0.08)) (justify mirror))
    )
    (pad 1 smd roundrect (at -0.9375 0) (size 0.975 1.4) (layers B.Cu B.Paste B.Mask) (roundrect_rratio 0.25)
      (net 8 Photo_Sens))
    (pad 2 smd roundrect (at 0.9375 0) (size 0.975 1.4) (layers B.Cu B.Paste B.Mask) (roundrect_rratio 0.25)
      (net 2 GND))
    (model ${KISYS3DMOD}/Resistor_SMD.3dshapes/R_0805_2012Metric.wrl
      (at (xyz 0 0 0))
      (scale (xyz 1 1 1))
      (rotate (xyz 0 0 0))
    )
  )

  (module Resistor_SMD:R_0805_2012Metric (layer B.Cu) (tedit 5B36C52B) (tstamp 5F051064)
    (at 135.9175 90.35 180)
    (descr "Resistor SMD 0805 (2012 Metric), square (rectangular) end terminal, IPC_7351 nominal, (Body size source: https://docs.google.com/spreadsheets/d/1BsfQQcO9C6DZCsRaXUlFlo91Tg2WpOkGARC1WS5S8t0/edit?usp=sharing), generated with kicad-footprint-generator")
    (tags resistor)
    (path /5F09500C)
    (attr smd)
    (fp_text reference R4 (at -2.4325 -0.08 90) (layer B.SilkS)
      (effects (font (size 1 1) (thickness 0.15)) (justify mirror))
    )
    (fp_text value 4k7 (at 0 -1.65) (layer B.Fab)
      (effects (font (size 1 1) (thickness 0.15)) (justify mirror))
    )
    (fp_line (start 1.68 -0.95) (end -1.68 -0.95) (layer B.CrtYd) (width 0.05))
    (fp_line (start 1.68 0.95) (end 1.68 -0.95) (layer B.CrtYd) (width 0.05))
    (fp_line (start -1.68 0.95) (end 1.68 0.95) (layer B.CrtYd) (width 0.05))
    (fp_line (start -1.68 -0.95) (end -1.68 0.95) (layer B.CrtYd) (width 0.05))
    (fp_line (start -0.258578 -0.71) (end 0.258578 -0.71) (layer B.SilkS) (width 0.12))
    (fp_line (start -0.258578 0.71) (end 0.258578 0.71) (layer B.SilkS) (width 0.12))
    (fp_line (start 1 -0.6) (end -1 -0.6) (layer B.Fab) (width 0.1))
    (fp_line (start 1 0.6) (end 1 -0.6) (layer B.Fab) (width 0.1))
    (fp_line (start -1 0.6) (end 1 0.6) (layer B.Fab) (width 0.1))
    (fp_line (start -1 -0.6) (end -1 0.6) (layer B.Fab) (width 0.1))
    (fp_text user %R (at 0 0) (layer B.Fab)
      (effects (font (size 0.5 0.5) (thickness 0.08)) (justify mirror))
    )
    (pad 1 smd roundrect (at -0.9375 0 180) (size 0.975 1.4) (layers B.Cu B.Paste B.Mask) (roundrect_rratio 0.25)
      (net 9 End_down))
    (pad 2 smd roundrect (at 0.9375 0 180) (size 0.975 1.4) (layers B.Cu B.Paste B.Mask) (roundrect_rratio 0.25)
      (net 2 GND))
    (model ${KISYS3DMOD}/Resistor_SMD.3dshapes/R_0805_2012Metric.wrl
      (at (xyz 0 0 0))
      (scale (xyz 1 1 1))
      (rotate (xyz 0 0 0))
    )
  )

  (module Resistor_SMD:R_0805_2012Metric (layer B.Cu) (tedit 5B36C52B) (tstamp 5F051075)
    (at 135.97 92.86)
    (descr "Resistor SMD 0805 (2012 Metric), square (rectangular) end terminal, IPC_7351 nominal, (Body size source: https://docs.google.com/spreadsheets/d/1BsfQQcO9C6DZCsRaXUlFlo91Tg2WpOkGARC1WS5S8t0/edit?usp=sharing), generated with kicad-footprint-generator")
    (tags resistor)
    (path /5F071F53)
    (attr smd)
    (fp_text reference R5 (at 2.4 0.04 90) (layer B.SilkS)
      (effects (font (size 1 1) (thickness 0.15)) (justify mirror))
    )
    (fp_text value 470R (at 0 -1.65) (layer B.Fab)
      (effects (font (size 1 1) (thickness 0.15)) (justify mirror))
    )
    (fp_line (start -1 -0.6) (end -1 0.6) (layer B.Fab) (width 0.1))
    (fp_line (start -1 0.6) (end 1 0.6) (layer B.Fab) (width 0.1))
    (fp_line (start 1 0.6) (end 1 -0.6) (layer B.Fab) (width 0.1))
    (fp_line (start 1 -0.6) (end -1 -0.6) (layer B.Fab) (width 0.1))
    (fp_line (start -0.258578 0.71) (end 0.258578 0.71) (layer B.SilkS) (width 0.12))
    (fp_line (start -0.258578 -0.71) (end 0.258578 -0.71) (layer B.SilkS) (width 0.12))
    (fp_line (start -1.68 -0.95) (end -1.68 0.95) (layer B.CrtYd) (width 0.05))
    (fp_line (start -1.68 0.95) (end 1.68 0.95) (layer B.CrtYd) (width 0.05))
    (fp_line (start 1.68 0.95) (end 1.68 -0.95) (layer B.CrtYd) (width 0.05))
    (fp_line (start 1.68 -0.95) (end -1.68 -0.95) (layer B.CrtYd) (width 0.05))
    (fp_text user %R (at 0 0) (layer B.Fab)
      (effects (font (size 0.5 0.5) (thickness 0.08)) (justify mirror))
    )
    (pad 2 smd roundrect (at 0.9375 0) (size 0.975 1.4) (layers B.Cu B.Paste B.Mask) (roundrect_rratio 0.25)
      (net 18 "Net-(J4-Pad1)"))
    (pad 1 smd roundrect (at -0.9375 0) (size 0.975 1.4) (layers B.Cu B.Paste B.Mask) (roundrect_rratio 0.25)
      (net 16 5V_down))
    (model ${KISYS3DMOD}/Resistor_SMD.3dshapes/R_0805_2012Metric.wrl
      (at (xyz 0 0 0))
      (scale (xyz 1 1 1))
      (rotate (xyz 0 0 0))
    )
  )

  (module Resistor_SMD:R_0805_2012Metric (layer B.Cu) (tedit 5B36C52B) (tstamp 5F051086)
    (at 113.27 97.0025 90)
    (descr "Resistor SMD 0805 (2012 Metric), square (rectangular) end terminal, IPC_7351 nominal, (Body size source: https://docs.google.com/spreadsheets/d/1BsfQQcO9C6DZCsRaXUlFlo91Tg2WpOkGARC1WS5S8t0/edit?usp=sharing), generated with kicad-footprint-generator")
    (tags resistor)
    (path /5F096986)
    (attr smd)
    (fp_text reference R6 (at -2.3575 0.02) (layer B.SilkS)
      (effects (font (size 1 1) (thickness 0.15)) (justify mirror))
    )
    (fp_text value 4k7 (at 0 -1.65 270) (layer B.Fab)
      (effects (font (size 1 1) (thickness 0.15)) (justify mirror))
    )
    (fp_line (start 1.68 -0.95) (end -1.68 -0.95) (layer B.CrtYd) (width 0.05))
    (fp_line (start 1.68 0.95) (end 1.68 -0.95) (layer B.CrtYd) (width 0.05))
    (fp_line (start -1.68 0.95) (end 1.68 0.95) (layer B.CrtYd) (width 0.05))
    (fp_line (start -1.68 -0.95) (end -1.68 0.95) (layer B.CrtYd) (width 0.05))
    (fp_line (start -0.258578 -0.71) (end 0.258578 -0.71) (layer B.SilkS) (width 0.12))
    (fp_line (start -0.258578 0.71) (end 0.258578 0.71) (layer B.SilkS) (width 0.12))
    (fp_line (start 1 -0.6) (end -1 -0.6) (layer B.Fab) (width 0.1))
    (fp_line (start 1 0.6) (end 1 -0.6) (layer B.Fab) (width 0.1))
    (fp_line (start -1 0.6) (end 1 0.6) (layer B.Fab) (width 0.1))
    (fp_line (start -1 -0.6) (end -1 0.6) (layer B.Fab) (width 0.1))
    (fp_text user %R (at 0 0 270) (layer B.Fab)
      (effects (font (size 0.5 0.5) (thickness 0.08)) (justify mirror))
    )
    (pad 1 smd roundrect (at -0.9375 0 90) (size 0.975 1.4) (layers B.Cu B.Paste B.Mask) (roundrect_rratio 0.25)
      (net 10 End_up))
    (pad 2 smd roundrect (at 0.9375 0 90) (size 0.975 1.4) (layers B.Cu B.Paste B.Mask) (roundrect_rratio 0.25)
      (net 2 GND))
    (model ${KISYS3DMOD}/Resistor_SMD.3dshapes/R_0805_2012Metric.wrl
      (at (xyz 0 0 0))
      (scale (xyz 1 1 1))
      (rotate (xyz 0 0 0))
    )
  )

  (module Resistor_SMD:R_0805_2012Metric (layer B.Cu) (tedit 5B36C52B) (tstamp 5F051097)
    (at 136.0225 95.45)
    (descr "Resistor SMD 0805 (2012 Metric), square (rectangular) end terminal, IPC_7351 nominal, (Body size source: https://docs.google.com/spreadsheets/d/1BsfQQcO9C6DZCsRaXUlFlo91Tg2WpOkGARC1WS5S8t0/edit?usp=sharing), generated with kicad-footprint-generator")
    (tags resistor)
    (path /5F072C4E)
    (attr smd)
    (fp_text reference R7 (at 2.4175 0 90) (layer B.SilkS)
      (effects (font (size 1 1) (thickness 0.15)) (justify mirror))
    )
    (fp_text value 470R (at 0 -1.65) (layer B.Fab)
      (effects (font (size 1 1) (thickness 0.15)) (justify mirror))
    )
    (fp_line (start 1.68 -0.95) (end -1.68 -0.95) (layer B.CrtYd) (width 0.05))
    (fp_line (start 1.68 0.95) (end 1.68 -0.95) (layer B.CrtYd) (width 0.05))
    (fp_line (start -1.68 0.95) (end 1.68 0.95) (layer B.CrtYd) (width 0.05))
    (fp_line (start -1.68 -0.95) (end -1.68 0.95) (layer B.CrtYd) (width 0.05))
    (fp_line (start -0.258578 -0.71) (end 0.258578 -0.71) (layer B.SilkS) (width 0.12))
    (fp_line (start -0.258578 0.71) (end 0.258578 0.71) (layer B.SilkS) (width 0.12))
    (fp_line (start 1 -0.6) (end -1 -0.6) (layer B.Fab) (width 0.1))
    (fp_line (start 1 0.6) (end 1 -0.6) (layer B.Fab) (width 0.1))
    (fp_line (start -1 0.6) (end 1 0.6) (layer B.Fab) (width 0.1))
    (fp_line (start -1 -0.6) (end -1 0.6) (layer B.Fab) (width 0.1))
    (fp_text user %R (at 0 0) (layer B.Fab)
      (effects (font (size 0.5 0.5) (thickness 0.08)) (justify mirror))
    )
    (pad 1 smd roundrect (at -0.9375 0) (size 0.975 1.4) (layers B.Cu B.Paste B.Mask) (roundrect_rratio 0.25)
      (net 15 5V_up))
    (pad 2 smd roundrect (at 0.9375 0) (size 0.975 1.4) (layers B.Cu B.Paste B.Mask) (roundrect_rratio 0.25)
      (net 14 "Net-(J6-Pad2)"))
    (model ${KISYS3DMOD}/Resistor_SMD.3dshapes/R_0805_2012Metric.wrl
      (at (xyz 0 0 0))
      (scale (xyz 1 1 1))
      (rotate (xyz 0 0 0))
    )
  )

  (module Package_DIP:DIP-16_W7.62mm_Socket_LongPads (layer F.Cu) (tedit 5A02E8C5) (tstamp 5F0517A7)
    (at 115.4 65.06 90)
    (descr "16-lead though-hole mounted DIP package, row spacing 7.62 mm (300 mils), Socket, LongPads")
    (tags "THT DIP DIL PDIP 2.54mm 7.62mm 300mil Socket LongPads")
    (path /5F0201D4)
    (fp_text reference U1 (at 3.81 -2.33 90) (layer F.SilkS)
      (effects (font (size 1 1) (thickness 0.15)))
    )
    (fp_text value L293D (at 3.81 20.11 90) (layer F.Fab)
      (effects (font (size 1 1) (thickness 0.15)))
    )
    (fp_line (start 1.635 -1.27) (end 6.985 -1.27) (layer F.Fab) (width 0.1))
    (fp_line (start 6.985 -1.27) (end 6.985 19.05) (layer F.Fab) (width 0.1))
    (fp_line (start 6.985 19.05) (end 0.635 19.05) (layer F.Fab) (width 0.1))
    (fp_line (start 0.635 19.05) (end 0.635 -0.27) (layer F.Fab) (width 0.1))
    (fp_line (start 0.635 -0.27) (end 1.635 -1.27) (layer F.Fab) (width 0.1))
    (fp_line (start -1.27 -1.33) (end -1.27 19.11) (layer F.Fab) (width 0.1))
    (fp_line (start -1.27 19.11) (end 8.89 19.11) (layer F.Fab) (width 0.1))
    (fp_line (start 8.89 19.11) (end 8.89 -1.33) (layer F.Fab) (width 0.1))
    (fp_line (start 8.89 -1.33) (end -1.27 -1.33) (layer F.Fab) (width 0.1))
    (fp_line (start 2.81 -1.33) (end 1.56 -1.33) (layer F.SilkS) (width 0.12))
    (fp_line (start 1.56 -1.33) (end 1.56 19.11) (layer F.SilkS) (width 0.12))
    (fp_line (start 1.56 19.11) (end 6.06 19.11) (layer F.SilkS) (width 0.12))
    (fp_line (start 6.06 19.11) (end 6.06 -1.33) (layer F.SilkS) (width 0.12))
    (fp_line (start 6.06 -1.33) (end 4.81 -1.33) (layer F.SilkS) (width 0.12))
    (fp_line (start -1.44 -1.39) (end -1.44 19.17) (layer F.SilkS) (width 0.12))
    (fp_line (start -1.44 19.17) (end 9.06 19.17) (layer F.SilkS) (width 0.12))
    (fp_line (start 9.06 19.17) (end 9.06 -1.39) (layer F.SilkS) (width 0.12))
    (fp_line (start 9.06 -1.39) (end -1.44 -1.39) (layer F.SilkS) (width 0.12))
    (fp_line (start -1.55 -1.6) (end -1.55 19.4) (layer F.CrtYd) (width 0.05))
    (fp_line (start -1.55 19.4) (end 9.15 19.4) (layer F.CrtYd) (width 0.05))
    (fp_line (start 9.15 19.4) (end 9.15 -1.6) (layer F.CrtYd) (width 0.05))
    (fp_line (start 9.15 -1.6) (end -1.55 -1.6) (layer F.CrtYd) (width 0.05))
    (fp_arc (start 3.81 -1.33) (end 2.81 -1.33) (angle -180) (layer F.SilkS) (width 0.12))
    (fp_text user %R (at 3.81 8.89 90) (layer F.Fab)
      (effects (font (size 1 1) (thickness 0.15)))
    )
    (pad 1 thru_hole rect (at 0 0 90) (size 2.4 1.6) (drill 0.8) (layers *.Cu *.Mask)
      (net 13 Motor_EN))
    (pad 9 thru_hole oval (at 7.62 17.78 90) (size 2.4 1.6) (drill 0.8) (layers *.Cu *.Mask)
      (net 2 GND))
    (pad 2 thru_hole oval (at 0 2.54 90) (size 2.4 1.6) (drill 0.8) (layers *.Cu *.Mask)
      (net 12 Motor_0))
    (pad 10 thru_hole oval (at 7.62 15.24 90) (size 2.4 1.6) (drill 0.8) (layers *.Cu *.Mask))
    (pad 3 thru_hole oval (at 0 5.08 90) (size 2.4 1.6) (drill 0.8) (layers *.Cu *.Mask))
    (pad 11 thru_hole oval (at 7.62 12.7 90) (size 2.4 1.6) (drill 0.8) (layers *.Cu *.Mask))
    (pad 4 thru_hole oval (at 0 7.62 90) (size 2.4 1.6) (drill 0.8) (layers *.Cu *.Mask)
      (net 2 GND))
    (pad 12 thru_hole oval (at 7.62 10.16 90) (size 2.4 1.6) (drill 0.8) (layers *.Cu *.Mask)
      (net 2 GND))
    (pad 5 thru_hole oval (at 0 10.16 90) (size 2.4 1.6) (drill 0.8) (layers *.Cu *.Mask)
      (net 2 GND))
    (pad 13 thru_hole oval (at 7.62 7.62 90) (size 2.4 1.6) (drill 0.8) (layers *.Cu *.Mask)
      (net 2 GND))
    (pad 6 thru_hole oval (at 0 12.7 90) (size 2.4 1.6) (drill 0.8) (layers *.Cu *.Mask))
    (pad 14 thru_hole oval (at 7.62 5.08 90) (size 2.4 1.6) (drill 0.8) (layers *.Cu *.Mask))
    (pad 7 thru_hole oval (at 0 15.24 90) (size 2.4 1.6) (drill 0.8) (layers *.Cu *.Mask)
      (net 11 Motor_1))
    (pad 15 thru_hole oval (at 7.62 2.54 90) (size 2.4 1.6) (drill 0.8) (layers *.Cu *.Mask))
    (pad 8 thru_hole oval (at 0 17.78 90) (size 2.4 1.6) (drill 0.8) (layers *.Cu *.Mask)
      (net 3 +6V))
    (pad 16 thru_hole oval (at 7.62 0 90) (size 2.4 1.6) (drill 0.8) (layers *.Cu *.Mask)
      (net 1 "Net-(C1-Pad1)"))
    (model ${KISYS3DMOD}/Package_DIP.3dshapes/DIP-16_W7.62mm_Socket.wrl
      (at (xyz 0 0 0))
      (scale (xyz 1 1 1))
      (rotate (xyz 0 0 0))
    )
  )

  (module logo:Logo_8x5 (layer F.Cu) (tedit 0) (tstamp 5F05378B)
    (at 124.64 86.14)
    (path /5F09A7E6)
    (fp_text reference L1 (at 0 0) (layer F.SilkS) hide
      (effects (font (size 1.524 1.524) (thickness 0.3)))
    )
    (fp_text value Logo_Plain (at 0.75 0) (layer F.SilkS) hide
      (effects (font (size 1.524 1.524) (thickness 0.3)))
    )
    (fp_poly (pts (xy -1.168619 -0.8509) (xy -1.016614 -0.481076) (xy -0.882736 -0.155485) (xy -0.765826 0.128633)
      (xy -0.664722 0.374041) (xy -0.578263 0.583499) (xy -0.505289 0.75977) (xy -0.444637 0.905616)
      (xy -0.395149 1.023797) (xy -0.355662 1.117075) (xy -0.325016 1.188213) (xy -0.30205 1.239971)
      (xy -0.285604 1.275112) (xy -0.274515 1.296396) (xy -0.267624 1.306587) (xy -0.26377 1.308444)
      (xy -0.262072 1.305722) (xy -0.254354 1.277214) (xy -0.235064 1.204457) (xy -0.20549 1.09235)
      (xy -0.166918 0.945788) (xy -0.120637 0.769669) (xy -0.067935 0.56889) (xy -0.010098 0.348348)
      (xy 0.051228 0.1143) (xy 0.113146 -0.121951) (xy 0.171433 -0.344057) (xy 0.224768 -0.547002)
      (xy 0.271829 -0.725769) (xy 0.311294 -0.875343) (xy 0.341842 -0.990707) (xy 0.362149 -1.066845)
      (xy 0.370837 -1.09855) (xy 0.378769 -1.112726) (xy 0.396872 -1.123541) (xy 0.431277 -1.131444)
      (xy 0.488118 -1.136883) (xy 0.573526 -1.140308) (xy 0.693635 -1.142166) (xy 0.854576 -1.142906)
      (xy 0.978632 -1.143) (xy 1.572841 -1.143) (xy 1.601641 -1.03505) (xy 1.623784 -0.953467)
      (xy 1.656209 -0.835941) (xy 1.697245 -0.688388) (xy 1.745221 -0.516723) (xy 1.798465 -0.326861)
      (xy 1.855305 -0.124718) (xy 1.914071 0.083791) (xy 1.973091 0.29275) (xy 2.030694 0.496245)
      (xy 2.085207 0.688359) (xy 2.134961 0.863178) (xy 2.178283 1.014787) (xy 2.213502 1.137269)
      (xy 2.238946 1.22471) (xy 2.252945 1.271195) (xy 2.254819 1.276665) (xy 2.266906 1.268721)
      (xy 2.29363 1.220347) (xy 2.33544 1.130483) (xy 2.392789 0.998068) (xy 2.466128 0.822041)
      (xy 2.555909 0.601341) (xy 2.662583 0.334909) (xy 2.757449 0.095565) (xy 3.241598 -1.1303)
      (xy 3.743583 -1.137194) (xy 3.915009 -1.139296) (xy 4.041991 -1.139891) (xy 4.130874 -1.13848)
